0 0.445174 0.943038 0.206487 0.113924
0 0.507832 0.874684 0.197943 0.187342
0 0.547706 0.781013 0.212184 0.134177
0 0.580459 0.713924 0.223576 0.144304
0 0.630657 0.569620 0.259889 0.141772
0 0.657714 0.465190 0.211472 0.120253
0 0.702215 0.374684 0.112500 0.068354
0 0.741021 0.291772 0.114636 0.082278
0 0.784098 0.189241 0.116772 0.094937
0 0.831448 0.088608 0.182991 0.116456
0 0.981764 0.599367 0.036472 0.135443
0 0.936195 0.924684 0.127610 0.132911
0 0.950079 0.818354 0.099842 0.074684
0 0.967168 0.727848 0.065664 0.091139