0 0.446598 0.949367 0.195095 0.101266
0 0.496084 0.882278 0.215744 0.141772
0 0.535957 0.810127 0.221440 0.121519
0 0.577255 0.743038 0.221440 0.144304
0 0.603244 0.662025 0.213608 0.111392
0 0.647389 0.571519 0.232120 0.135443
0 0.661986 0.470253 0.222864 0.115190
0 0.677294 0.393038 0.115348 0.044304
0 0.716100 0.337975 0.116060 0.058228
0 0.742801 0.277848 0.091139 0.051899
0 0.766653 0.243038 0.103244 0.040506
0 0.781606 0.172785 0.118908 0.064557
0 0.844620 0.074684 0.136709 0.106329
0 0.986036 0.665823 0.027927 0.065823
0 0.967168 0.764557 0.065664 0.088608
0 0.955775 0.855063 0.088449 0.092405
0 0.944383 0.937342 0.111234 0.125316