0 0.937975 0.936076 0.124050 0.127848
0 0.958979 0.861392 0.082041 0.092405
0 0.971440 0.768354 0.057120 0.093671
0 0.988884 0.689873 0.022231 0.063291
0 0.653085 0.579114 0.222152 0.125316
0 0.659850 0.486076 0.220016 0.124051
0 0.676226 0.406329 0.127453 0.070886
0 0.699011 0.398101 0.106092 0.102532
0 0.729272 0.310127 0.102532 0.088608
0 0.766653 0.237342 0.091851 0.056962
0 0.774130 0.186709 0.138133 0.056962
0 0.797627 0.138608 0.156646 0.077215
0 0.861709 0.082911 0.160918 0.074684
0 0.616060 0.669620 0.226424 0.116456
0 0.585087 0.744304 0.204351 0.172152
0 0.549842 0.784810 0.192247 0.144304
0 0.500712 0.879114 0.197943 0.158228
0 0.446242 0.950633 0.210047 0.098734