0 0.438410 0.946835 0.215744 0.106329
0 0.487896 0.894304 0.239241 0.137975
0 0.514953 0.833544 0.236392 0.087342
0 0.547706 0.806962 0.250633 0.110127
0 0.570134 0.762025 0.231408 0.139241
0 0.591495 0.713924 0.225712 0.116456
0 0.645253 0.588608 0.243513 0.144304
0 0.658070 0.499367 0.229272 0.155696
0 0.681566 0.412658 0.135285 0.078481
0 0.691535 0.326582 0.105380 0.078481
0 0.732476 0.286709 0.086155 0.051899
0 0.767722 0.255063 0.096835 0.044304
0 0.767366 0.189241 0.103244 0.056962
0 0.804391 0.144304 0.151661 0.083544
0 0.843908 0.081646 0.183703 0.064557
0 0.875237 0.038608 0.132437 0.062025
0 0.934771 0.931013 0.130458 0.130380
0 0.947231 0.823418 0.105538 0.069620